300032
907723
531230
721154
931950
622601
348620
543064
441718
563250
362505
409276
259809
444547
469965
186660
192476
921703
687574
252045
732204
663353
874335
767582
915609
623933
817006
514807
109950
190427
258530
826943
967497
109906
666753
941814
663066
477860
196851
382665
696285
272742
889413
169552
835382
469174
664998
343579
309899
740085
413841
933309
307927
216642
604331
869899
430717
614977
656879
764180
463561
797175
143414
825304
111949
103551
657015
746704
166972
949720
792963
367030
594660
360785
847570
196088
166064
507269
335445
451921
859202
584224
603769
575194
708726
645213
175829
546178
938910
592170
827844
876385
167630
241496
780814
404309
465875
791209
322627
398149
